image: map.png
resolution: 0.05
origin: [0, 0, 0] #[8.325000381469726, 4.675000286102295, 3.14]
negate: 0
occupied_thresh: 0.65
free_thresh: 0.196